gamma =

    0.95584    1.72204    1.72204    0.98619   12.86596    1.72204    2.59443    2.28340

I0 =

  -12.0550   -6.5039   -6.5039   -3.4841   -4.7168  -17.9666  -13.8122  -25.4260

PSF date calculate:

0.632 0.601 0.601 0.171 2.948 1.723 1.976 3.247
4.386 4.406 4.401 4.83  2.036 3.261 3.022 1.748
